1	22.96012288
2	37.74369583
3	52.5297578
4	67.31830819
5	82.10934639
6	96.90287182
7	111.6988839
8	126.4973819
9	141.2983654
10	156.1018337
11	170.9077862
12	185.7162223
13	200.5271414
14	215.340543
15	230.1564263
16	244.9747909
17	259.795636
18	274.6189612
19	289.4447657
20	304.2730491
21	319.1038107
22	333.9370499
23	348.772766
24	363.6109586
25	378.451627
26	393.2947706
27	408.1403887
28	422.9884809
29	437.8390464
30	452.6920848
31	467.5475953
32	482.4055775
33	497.2660306
34	512.1289541
35	526.9943474
36	541.8622099
37	556.732541
38	571.60534
39	586.4806065
40	601.3583397
41	616.2385391
42	631.1212041
43	646.006334
44	660.8939284
45	675.7839865
46	690.6765078
47	705.5714917
48	720.4689375
49	735.3688447
50	750.2712127
51	765.1760409
52	780.0833286
53	794.9930753
54	809.9052804
55	824.8199433
56	839.7370633
57	854.6566398
58	869.5786724
59	884.5031603
60	899.4301029
61	914.3594997
62	929.2913501
63	944.2256535
64	959.1624092
65	974.1016166
66	989.0432752
67	1003.987384
68	1018.933943
69	1033.882952
70	1048.834409
71	1063.788315
72	1078.744668
73	1093.703469
74	1108.664718
75	1123.628416
76	1138.594561
77	1153.563154
78	1168.534195
79	1183.507684
80	1198.483621
81	1213.462005
82	1228.442838
83	1243.426119
84	1258.411848
85	1273.400024
86	1288.368218
87	1303.339075
88	1318.312812
89	1333.289643
90	1348.269785
91	1363.253454
92	1378.240864
93	1393.232233
94	1408.227774
95	1423.227705
96	1438.232241
97	1453.241597
98	1468.255989
99	1483.275633
100	1498.300745
101	1513.331539
102	1528.368233
103	1543.411041
104	1558.46018
105	1573.515864
106	1588.57831
107	1603.647734
108	1618.72435
109	1633.808375
110	1648.900024
111	1663.982675
112	1679.073544
113	1694.173007
114	1709.281444
115	1724.39923
116	1739.526745
117	1754.664366
118	1769.812469
119	1784.971434
120	1800.141637
121	1815.323456
122	1830.517268
123	1845.723451
124	1860.942384
125	1876.174442
126	1891.420005
127	1906.679449
128	1921.953152
129	1937.241492
130	1952.544847
131	1967.863593
132	1983.198109
133	1998.548771
134	2013.915959
135	2029.300049
136	2044.69809
137	2060.11382
138	2075.54765
139	2090.999988
140	2106.471244
141	2121.961828
142	2137.47215
143	2153.002619
144	2168.553645
145	2184.125637
146	2199.719005
147	2215.334158
148	2230.971506
149	2246.631459
150	2262.314427
151	2278.020818
152	2293.751043
153	2309.505511
154	2325.284631
155	2341.088814
156	2356.918469
157	2372.774006
158	2388.655833
159	2404.564361
160	2420.5
161	2436.463158
162	2452.454245
163	2468.473671
164	2484.521846
165	2500.59918
166	2516.706081
167	2532.84296
168	2549.010226
169	2565.208289
170	2581.437559
171	2597.698444
172	2613.991355
173	2630.316701
174	2646.674892
175	2663.066338
176	2679.491448
177	2695.950631
178	2712.444297
179	2728.972857
180	2745.536719
181	2762.136293
182	2778.771989
183	2795.444216
184	2812.153384
185	2828.899902
186	2845.688842
187	2862.515906
188	2879.38146
189	2896.285868
190	2913.229496
191	2930.212708
192	2947.235869
193	2964.299344
194	2981.403497
195	2998.548693
196	3015.735298
197	3032.963676
198	3050.234191
199	3067.547209
200	3084.903094
201	3102.302211
202	3119.744925
203	3137.231601
204	3154.762603
205	3172.338297
206	3189.959047
207	3207.625217
208	3225.337174
209	3243.09528
210	3260.899902
211	3278.754732
212	3296.656776
213	3314.606364
214	3332.603831
215	3350.64951
216	3368.743732
217	3386.886832
218	3405.079141
219	3423.320992
220	3441.612719
221	3459.954654
222	3478.347129
223	3496.790478
224	3515.285034
225	3533.831129
226	3552.429096
227	3571.079268
228	3589.781977
229	3608.537557
230	3627.34634
231	3646.208659
232	3665.124847
233	3684.095236
234	3703.12016
235	3722.199951
236	3741.338937
237	3760.533416
238	3779.783685
239	3799.090036
240	3818.452766
241	3837.872167
242	3857.348534
243	3876.882163
244	3896.473346
245	3916.122379
246	3935.829556
247	3955.595171
248	3975.419519
249	3995.302894
250	4015.24559
251	4035.247902
252	4055.310125
253	4075.432552
254	4095.615478
255	4115.859197
256	4136.164005
257	4156.530194
258	4176.95806
259	4197.447897
260	4218
261	4238.616655
262	4259.296144
263	4280.038744
264	4300.844729
265	4321.714375
266	4342.647957
267	4363.64575
268	4384.708029
269	4405.83507
270	4427.027148
271	4448.284539
272	4469.607516
273	4490.996356
274	4512.451334
275	4533.972725
276	4555.560804
277	4577.215846
278	4598.938128
279	4620.727923
280	4642.585508
281	4664.511157
282	4686.505146
283	4708.567749
284	4730.699243
285	4752.899902
286	4775.17001
287	4797.509834
288	4819.919649
289	4842.39973
290	4864.950352
291	4887.57179
292	4910.26432
293	4933.028217
294	4955.863755
295	4978.771211
296	5001.750859
297	5024.802974
298	5047.927832
299	5071.125707
300	5094.396875
301	5117.741611
302	5141.16019
303	5164.652888
304	5188.219979
305	5211.861738
306	5235.578442
307	5259.370364
308	5283.23778
309	5307.180965
310	5331.200195
311	5355.298403
312	5379.47318
313	5403.724776
314	5428.05344
315	5452.459422
316	5476.942971
317	5501.504338
318	5526.143771
319	5550.861521
320	5575.657836
321	5600.532967
322	5625.487163
323	5650.520673
324	5675.633748
325	5700.826637
326	5726.099589
327	5751.452854
328	5776.886682
329	5802.401322
330	5827.997023
331	5853.674037
332	5879.432611
333	5905.272996
334	5931.195441
335	5957.200195
336	5983.284841
337	6009.452322
338	6035.702912
339	6062.036888
340	6088.454523
341	6114.956095
342	6141.541877
343	6168.212146
344	6194.967176
345	6221.807242
346	6248.732621
347	6275.743586
348	6302.840414
349	6330.023379
350	6357.292758
351	6384.648824
352	6412.091854
353	6439.622123
354	6467.239905
355	6494.945477
356	6522.739112
357	6550.621088
358	6578.591678
359	6606.651159
360	6634.799805
361	6663.040559
362	6691.371004
363	6719.791389
364	6748.301963
365	6776.902977
366	6805.594678
367	6834.377318
368	6863.251146
369	6892.216411
370	6921.273363
371	6950.422252
372	6979.663327
373	7008.996837
374	7038.423033
375	7067.942164
376	7097.554479
377	7127.260229
378	7157.059662
379	7186.953029
380	7216.940578
381	7247.02256
382	7277.199224
383	7307.47082
384	7337.837597
385	7368.299805
386	7398.855035
387	7429.50622
388	7460.253636
389	7491.097558
390	7522.038262
391	7553.076021
392	7584.211112
393	7615.44381
394	7646.774389
395	7678.203125
396	7709.730293
397	7741.356168
398	7773.081026
399	7804.905141
400	7836.828789
401	7868.852245
402	7900.975783
403	7933.19968
404	7965.52421
405	7997.949648
406	8030.47627
407	8063.104351
408	8095.834166
409	8128.66599
410	8161.600098
411	8194.635426
412	8227.773602
413	8261.014913
414	8294.359648
415	8327.808094
416	8361.360539
417	8395.017273
418	8428.778582
419	8462.644754
420	8496.616078
421	8530.692842
422	8564.875333
423	8599.163841
424	8633.558652
425	8668.060055
426	8702.668337
427	8737.383788
428	8772.206695
429	8807.137345
430	8842.176027
431	8877.32303
432	8912.57864
433	8947.943147
434	8983.416837
435	9019
436	9054.693592
437	9090.497227
438	9126.411184
439	9162.435746
440	9198.571195
441	9234.817812
442	9271.175879
443	9307.645677
444	9344.227488
445	9380.921594
446	9417.728275
447	9454.647815
448	9491.680493
449	9528.826593
450	9566.086395
451	9603.460181
452	9640.948232
453	9678.550831
454	9716.268259
455	9754.100797
456	9792.048727
457	9830.112331
458	9868.29189
459	9906.587686
460	9945
461	9983.52512
462	10022.16736
463	10060.92704
464	10099.80448
465	10138.8
466	10177.91392
467	10217.14656
468	10256.49824
469	10295.96928
470	10335.56
471	10375.27072
472	10415.10176
473	10455.05344
474	10495.12608
475	10535.32
476	10575.63552
477	10616.07296
478	10656.63264
479	10697.31488
480	10738.12
481	10779.04832
482	10820.10016
483	10861.27584
484	10902.57568
485	10944
486	10985.55578
487	11027.23661
488	11069.04275
489	11110.97446
490	11153.032
491	11195.21562
492	11237.52557
493	11279.96211
494	11322.5255
495	11365.216
496	11408.03386
497	11450.97933
498	11494.05267
499	11537.25414
500	11580.584
501	11624.0425
502	11667.62989
503	11711.34643
504	11755.19238
505	11799.168
506	11843.27354
507	11887.50925
508	11931.87539
509	11976.37222
510	12021
511	12065.75232
512	12110.63616
513	12155.65184
514	12200.79968
515	12246.08
516	12291.49312
517	12337.03936
518	12382.71904
519	12428.53248
520	12474.48
521	12520.56192
522	12566.77856
523	12613.13024
524	12659.61728
525	12706.24
526	12752.99872
527	12799.89376
528	12846.92544
529	12894.09408
530	12941.4
531	12988.84352
532	13036.42496
533	13084.14464
534	13132.00288
535	13180
536	13228.12301
537	13276.38566
538	13324.78842
539	13373.33171
540	13422.016
541	13470.84173
542	13519.80934
543	13568.9193
544	13618.17203
545	13667.568
546	13717.10765
547	13766.79142
548	13816.61978
549	13866.59315
550	13916.712
551	13966.97677
552	14017.3879
553	14067.94586
554	14118.65107
555	14169.504
556	14220.50509
557	14271.65478
558	14322.95354
559	14374.40179
560	14426
561	14477.77523
562	14529.70106
563	14581.77766
564	14634.00525
565	14686.384
566	14738.91411
567	14791.59578
568	14844.42918
569	14897.41453
570	14950.552
571	15003.84179
572	15057.2841
573	15110.8791
574	15164.62701
575	15218.528
576	15272.58227
577	15326.79002
578	15381.15142
579	15435.66669
580	15490.336
581	15545.15955
582	15600.13754
583	15655.27014
584	15710.55757
585	15766
586	15821.56435
587	15877.28442
588	15933.1607
589	15989.19373
590	16045.384
591	16101.73203
592	16158.23834
593	16214.90342
594	16271.72781
595	16328.712
596	16385.85651
597	16443.16186
598	16500.62854
599	16558.25709
600	16616.048
601	16674.00179
602	16732.11898
603	16790.40006
604	16848.84557
605	16907.456
606	16966.23187
607	17025.1737
608	17084.28198
609	17143.55725
610	17203
611	17262.63738
612	17322.44301
613	17382.41715
614	17442.56006
615	17502.872
616	17563.35322
617	17624.00397
618	17684.82451
619	17745.8151
620	17806.976
621	17868.30746
622	17929.80973
623	17991.48307
624	18053.32774
625	18115.344
626	18177.5321
627	18239.89229
628	18302.42483
629	18365.12998
630	18428.008
631	18491.05914
632	18554.28365
633	18617.68179
634	18681.25382
635	18745
636	18808.90726
637	18872.98931
638	18937.24653
639	19001.6793
640	19066.288
641	19131.07302
642	19196.03475
643	19261.17357
644	19326.48986
645	19391.984
646	19457.65638
647	19523.50739
648	19589.53741
649	19655.74682
650	19722.136
651	19788.70534
652	19855.45523
653	19922.38605
654	19989.49818
655	20056.792
656	20124.2679
657	20191.92627
658	20259.76749
659	20327.79194
660	20396
661	20464.37875
662	20532.94202
663	20601.6903
664	20670.62413
665	20739.744
666	20809.05043
667	20878.54394
668	20948.22502
669	21018.09421
670	21088.152
671	21158.39891
672	21228.83546
673	21299.46214
674	21370.27949
675	21441.288
676	21512.48819
677	21583.88058
678	21655.46566
679	21727.24397
680	21799.216
681	21871.38227
682	21943.7433
683	22016.29958
684	22089.05165
685	22162
686	22235.15846
687	22308.51411
688	22382.06733
689	22455.8185
690	22529.768
691	22603.91622
692	22678.26355
693	22752.81037
694	22827.55706
695	22902.504
696	22977.65158
697	23053.00019
698	23128.55021
699	23204.30202
700	23280.256
701	23356.41254
702	23432.77203
703	23509.33485
704	23586.10138
705	23663.072
706	23740.2471
707	23817.62707
708	23895.21229
709	23973.00314
710	24051
711	24129.20326
712	24207.61331
713	24286.23053
714	24365.0553
715	24444.088
716	24523.32902
717	24602.77875
718	24682.43757
719	24762.30586
720	24842.384
721	24922.67238
722	25003.17139
723	25083.88141
724	25164.80282
725	25245.936
726	25327.28134
727	25408.83923
728	25490.61005
729	25572.59418
730	25654.792
731	25737.2039
732	25819.83027
733	25902.67149
734	25985.72794
735	26069
736	26152.48141
737	26236.17926
738	26320.09402
739	26404.22611
740	26488.576
741	26573.14413
742	26657.93094
743	26742.9369
744	26828.16243
745	26913.608
746	26999.27405
747	27085.16102
748	27171.26938
749	27257.59955
750	27344.152
751	27430.92717
752	27517.9255
753	27605.14746
754	27692.59347
755	27780.264
756	27868.15949
757	27956.28038
758	28044.62714
759	28133.20019
760	28222
761	28311.02035
762	28400.26842
763	28489.7447
764	28579.44973
765	28669.384
766	28759.54803
767	28849.94234
768	28940.56742
769	29031.42381
770	29122.512
771	29213.83251
772	29305.38586
773	29397.17254
774	29489.19309
775	29581.448
776	29673.93779
777	29766.66298
778	29859.62406
779	29952.82157
780	30046.256
781	30139.92787
782	30233.8377
783	30327.98598
784	30422.37325
785	30517
786	30611.87341
787	30706.98726
788	30802.34202
789	30897.93811
790	30993.776
791	31089.85613
792	31186.17894
793	31282.7449
794	31379.55443
795	31476.608
796	31573.90605
797	31671.44902
798	31769.23738
799	31867.27155
800	31965.552
801	32064.07917
802	32162.8535
803	32261.87546
804	32361.14547
805	32460.664
806	32560.43149
807	32660.44838
808	32760.71514
809	32861.23219
810	32962
811	33063.01235
812	33164.27642
813	33265.7927
814	33367.56173
815	33469.584
816	33571.86003
817	33674.39034
818	33777.17542
819	33880.21581
820	33983.512
821	34087.06451
822	34190.87386
823	34294.94054
824	34399.26509
825	34503.848
826	34608.68979
827	34713.79098
828	34819.15206
829	34924.77357
830	35030.656
831	35136.79987
832	35243.2057
833	35349.87398
834	35456.80525
835	35564
836	35671.45875
837	35779.18202
838	35887.1703
839	35995.42413
840	36103.944
841	36212.73043
842	36321.78394
843	36431.10502
844	36540.69421
845	36650.552
846	36760.67891
847	36871.07546
848	36981.74214
849	37092.67949
850	37203.888
851	37315.36819
852	37427.12058
853	37539.14566
854	37651.44397
855	37764.016
856	37876.86227
857	37989.9833
858	38103.37958
859	38217.05165
860	38331
861	38445.2185
862	38559.71437
863	38674.48819
864	38789.54054
865	38904.872
866	39020.48314
867	39136.37453
868	39252.54675
869	39369.00038
870	39485.736
871	39602.75418
872	39720.05549
873	39837.64051
874	39955.50982
875	40073.664
876	40192.10362
877	40310.82925
878	40429.84147
879	40549.14086
880	40668.728
881	40788.60346
882	40908.76781
883	41029.22163
884	41149.9655
885	41271
886	41392.33901
887	41513.96966
888	41635.89242
889	41758.10771
890	41880.616
891	42003.41773
892	42126.51334
893	42249.9033
894	42373.58803
895	42497.568
896	42621.84365
897	42746.41542
898	42871.28378
899	42996.44915
900	43121.912
901	43247.67277
902	43373.7319
903	43500.08986
904	43626.74707
905	43753.704
906	43880.96109
907	44008.51878
908	44136.37754
909	44264.53779
910	44393
911	44521.74464
912	44650.79232
913	44780.14368
914	44909.79936
915	45039.76
916	45170.02624
917	45300.59872
918	45431.47808
919	45562.66496
920	45694.16
921	45825.96384
922	45958.07712
923	46090.50048
924	46223.23456
925	46356.28
926	46489.63744
927	46623.30752
928	46757.29088
929	46891.58816
930	47026.2
931	47161.12704
932	47296.36992
933	47431.92928
934	47567.80576
935	47704
936	47840.5193
937	47977.35757
938	48114.51539
939	48251.99334
940	48389.792
941	48527.91194
942	48666.35373
943	48805.11795
944	48944.20518
945	49083.616
946	49223.35098
947	49363.41069
948	49503.79571
949	49644.50662
950	49785.544
951	49926.90842
952	50068.60045
953	50210.62067
954	50352.96966
955	50495.648
956	50638.65626
957	50781.99501
958	50925.66483
959	51069.6663
960	51214
961	51358.65984
962	51503.65312
963	51648.98048
964	51794.64256
965	51940.64
966	52086.97344
967	52233.64352
968	52380.65088
969	52527.99616
970	52675.68
971	52823.70304
972	52972.06592
973	53120.76928
974	53269.81376
975	53419.2
976	53568.92864
977	53719.00032
978	53869.41568
979	54020.17536
980	54171.28
981	54322.73024
982	54474.52672
983	54626.67008
984	54779.16096
985	54932
986	55085.20115
987	55238.75162
988	55392.6519
989	55546.90253
990	55701.504
991	55856.45683
992	56011.76154
993	56167.41862
994	56323.42861
995	56479.792
996	56636.50931
997	56793.58106
998	56951.00774
999	57108.78989
1000	57266.928
